#probeset	sample-1	sample-2	sample-3	sample-4	sample-5	sample-6
Q5MBR3	478.243415	830.440878	1100.243415	981.512646	704.992349	482.262101
D0TZF0	261.395468	231.031834	301.605527	426.84154	447.243415	392.519656
Q6ZG77	3006.713147	1732.31783	1430.780379	1596.420213	2588.963853	2923.243415
Q2QNM9	5079.345586	6107.397261	5041.904379	2923.12803	2504.527743	2861.13692
Q5NBQ1	204.781876	212.876599	180.239779	200.787211	314.696447	608.878932
Q6K969	681.637362	462.628729	341.229246	357.538181	674.629706	795.897787
Q339V1	1624.393248	3519.012646	5473.02835	5511.55477	3104.885117	1883.089569
A9CM06	4286.490125	5950.303214	8285.897261	9128.935723	7392.934086	5208.982221
Q7XUH5	215.220999	407.791151	775.54568	1084.174941	1021.962522	537.248323
Q6YTI6	382.607882	484.906132	755.935723	971.835695	805.179618	488.48417
Q5JNB0	959.880655	1361.750331	1814.108902	2059.034093	1444.558982	1221.012646
Q65XM9	94.187098	165.995252	719.701596	1513.781876	1191.140937	608.228744
Q6ZGW6	114.259885	179.512033	308.243415	357.701733	247.690067	167.796192
B7EM60	35.696747	75.373266	337.166492	1221.042897	186.272088	217.391089
Q7XTH0	221.551107	129.538613	104.790631	166.337742	264.94454	278.265148
Q9SE42	303.902942	1627.066688	1438.206654	169.935723	20.078523	31.13558
Q688Q8	2265.243415	1280.040198	771.551107	430.940403	763.502181	456.427697
Q7XEH2	1730.538416	3968.089569	5184.171765	5845.193277	3288.435723	1178.539285
Q75W16	1076.623324	1347.860121	1714.720974	1600.935723	1334.827246	1069.728606
Q8S5N2	234.243415	1442.842221	2409.934588	2070.3173	358.026549	204.805312
Q8S2G0	420.032368	598.255457	956.034196	1147.166492	753.384939	609.966853
Q6K1X7	11557.57639	11491.47418	7977.704953	2794.020544	1919.690051	3989.57188
Q0JB49	276.354534	278.876055	218.474184	284.963108	273.944441	902.451906
Q851L6	900.521406	1535.96565	703.810626	668.19365	752.313606	531.925851
Q53JP2	124.190999	128.371814	182.854181	221.306702	205.052171	146.133358
Q69LG7	665.502431	685.374878	84.220189	77.928921	178.474184	83.232212
P38419	341.684462	1064.858799	1260.29203	1044.511648	381.217635	306.01871
Q8H3A4	814.474184	1091.050315	1589.65124	1677.704953	1093.577109	691.025337
Q6ZAC1	27.876716	47.170477	61.504547	59.166953	27.142903	25.353464
Q9XGP7	142.023812	68.353035	526.977579	2233.833546	4172.822695	670.123799
Q6Z3A4	1023.62803	854.269456	647.677972	532.496546	622.498308	1003.914371
A3BI64	396.177242	1087.581274	2029.950859	2008.012646	771.038046	381.377797
Q6Z598	370.70616	364.243415	513.551381	649.360081	626.899608	484.072875
Q53KJ5	36.456893	54.011308	111.591468	161.474184	116.762303	82.371797
Q5U9F2	473.397261	1206.128582	1229.441014	813.52322	343.732209	359.465112
Q7G602	203.62803	333.83161	790.028081	760.790077	344.83483	316.585556
Q9XEA6	151.727537	93.815399	74.161873	103.630326	137.705326	160.94176
Q0JGK4	1048.779483	1300.199333	1505.571252	1753.914762	1418.803331	1106.541784
Q6K2E1	5827.930168	3676.814023	2539.041165	1693.493111	3096.546596	4212.002279
Q0JEK1	17.716928	280.070713	500.054433	395.166492	60.721745	26.632222
Q7G2H3	90.356937	74.409116	97.91697	200.797306	172.781876	91.907308
Q2RAP0	331.419345	511.525731	666.148368	660.380986	448.844423	249.137224
Q6H5Z4	795.918243	976.290367	1328.858799	1202.536856	695.254466	494.237015
Q7X7H9	1155.473143	1559.323878	3518.166492	5407.738817	3951.98846	1984.022671
A3BJI6	44.881935	151.364419	80.981784	36.911827	21.336278	23.83836
Q6Z3X5	316.140866	527.804885	669.177165	697.492044	372.255631	318.829602
Q6YZH8	2610.993823	2577.589569	2208.873575	1596.621952	1682.858799	2069.295043
Q8S5M6	175.730692	1527.257745	1990.345824	1374.201695	198.396188	114.078285
Q0J0P9	180.992731	197.781876	309.252409	369.693153	324.211869	223.83339
Q9LIZ8	970.545369	2700.254538	4111.277448	3797.07789	2129.62803	987.154418
Q852M2	2048.311177	1858.204953	1094.166492	478.098879	511.91282	1374.172082
Q2QQ95	1041.080084	1038.012646	654.572014	503.00158	597.935723	777.935723
Q8S5T1	481.621564	1508.796702	2492.781876	2788.983393	823.16983	242.266974
Q6Z4K7	53.0411	437.781876	676.974184	666.317222	313.320304	226.666986
Q337F0	3585.264379	3434.551107	1845.664032	681.778412	803.811785	2082.033177
Q10MB0	852.935723	1411.295742	1698.00428	841.089569	134.057654	239.089569
Q6Z8F4	2658.107501	4224.781876	4908.551352	2691.724204	1728.781876	759.397261
Q7XTK3	18.428574	45.715601	61.103469	17.163539	18.391995	19.703285
Q7XQ85	492.052665	313.012646	217.696773	178.892664	361.935723	1193.444126
Q8H3C9	212.736528	2137.457911	2449.861172	1740.98144	115.472167	152.493539
Q5N7W4	1405.474184	1119.061854	767.089569	360.572526	406.230987	1038.176959
Q7XPR5	84.245609	117.989418	206.62803	258.30992	167.534834	95.241342
Q5Z6A9	623.152062	851.040061	737.261539	189.326388	71.154336	59.972423
Q109F2	457.887992	660.009825	1051.965568	1097.316782	847.389958	462.0061
Q0JA83	489.704953	360.352732	149.753357	69.482476	132.965624	356.133733
Q7FAS1	1293.050339	2680.584707	4342.551107	4738.999725	2438.246037	1145.146799
Q0IPE5	5062.397261	5048.323192	1933.083924	1064.267946	1107.827886	689.551107
Q7FAH2	1545.440768	1549.31627	1001.397261	412.26726	461.542298	1300.427024
Q7XHL8	442.753368	692.822379	873.781876	832.935723	541.012646	364.873752
Q75V57	21.641002	19.236714	14.865898	14.172334	16.525626	19.275048
Q69U03	240.374373	169.389708	522.474184	1599.704757	691.960535	312.631884
Q2QWD0	932.972523	1352.12609	1141.993655	837.839112	646.90732	544.850126
Q6AT43	489.616339	365.937263	463.551107	563.159205	648.085408	676.799912
Q5Z5B7	1205.240025	1793.729594	2797.824148	2846.130161	1398.470148	1067.404615
Q2QNS6	121.038387	101.283782	174.026163	256.8409	224.454269	210.239309
Q0D3H8	250.066707	498.437832	826.730843	961.45598	478.935723	333.987975
Q338N8	1080.243415	1455.561059	1839.974074	2032.980985	1594.660435	1052.320338
Q7X634	96.807167	157.179789	193.474184	209.468546	110.166494	78.392113
Q650W1	94.551174	99.160911	120.223894	100.803579	159.25504	301.97541
Q0DZE0	105.718866	152.29428	170.436214	153.031231	94.418591	90.968664
Q10DK7	2342.987791	3059.335712	2688.719057	557.551107	272.342373	523.509396
Q7XX32	2365.281876	672.312375	210.360087	153.704953	402.958474	1216.872287
Q6H5C7	326.320338	1173.373833	1039.402959	770.919368	347.488427	128.224641
Q9S7D3	92.320444	108.692329	185.327512	329.062178	234.70282	169.993667
Q6ZIA3	192.820545	303.473476	398.265318	258.427458	147.045815	123.625644
Q7Y0B9	340.255333	455.704953	700.404457	716.318748	504.943716	249.551107
Q69U01	1107.285384	1482.467543	1103.864086	401.548129	198.217665	326.397261
Q6EN42	23.071746	24.571897	22.104983	21.196884	19.397217	65.992761
Q6K973	64.663095	203.602307	593.457004	670.843698	289.016044	143.207533
Q6Z4U1	492.150006	332.532143	179.364489	234.0016	230.781876	211.238463
Q7XR60	12.810796	9.705594	9.92894	10.277957	12.261485	28.183381
UPI0001C7C4DA	81.684087	39.62028	27.470904	13.218799	14.577351	26.160884
Q10L05	52.411025	175.320338	431.814829	410.736839	174.742442	67.530885
Q5WMV3	1026.334153	884.454409	1252.071071	2326.903577	2496.358799	1550.27157
Q7F942	102.840947	177.04766	345.167967	268.97103	168.697771	102.379122
P14654	1037.320338	963.683939	1140.247303	1627.565865	1931.471958	1442.240242
Q0J5Y4	315.497167	424.089569	519.609791	519.330269	460.896466	386.117388
Q8LJJ2	320.62803	802.32092	1707.513582	2106.964671	969.212226	431.551107
Q0J270	1250.435723	1843.89413	3949.360198	4912.696883	2773.012646	1468.616758
Q6ZGJ8	416.511309	141.849366	132.075854	167.125501	92.287223	122.923194
Q6YT73	747.557611	1003.397261	1093.159912	1001.397261	815.602261	674.935723
Q53MU1	1809.320338	1321.12803	949.050564	679.043666	1100.886109	1712.62803
Q6ZIK0	732.098116	1207.029036	1066.806599	539.001646	355.355511	338.594069
Q0IX96	4139.079802	6248.842926	6925.320338	7694.397261	4439.820338	3360.262487
B7FAP2	2697.301458	3238.704953	4543.712471	4541.226533	3360.627088	2344.570605
Q84VK7	73.528511	74.115377	198.867494	270.320338	210.216204	218.750068
Q10S55	4821.575097	3622.551107	995.481431	68.770267	32.177944	625.416401
Q6ZBH5	321.781876	467.474184	521.590117	628.838914	491.537808	365.332479
Q336M7	985.524962	1348.551068	1511.556408	1466.775883	1210.129553	906.704953
Q0D8J6	78.678921	140.935723	187.704953	175.000806	84.782374	66.750834
Q7XBR2	391.211348	419.094135	1126.99782	1399.905733	983.166492	706.474184
Q6Z744	46.040067	258.410687	776.871377	773.474184	156.411015	72.53114
Q7F8T6	471.514114	279.399533	310.062895	404.204236	492.259383	578.704953
B8ACC6	1945.156944	2322.016937	2557.812264	2432.549237	1929.379926	1372.54757
Q53NW6	13.407265	12.551011	18.699413	26.345933	14.060209	12.270944
Q0JBF1	29.327028	37.764599	85.875763	138.969184	94.923585	70.385705
Q6K9A2	829.627748	1556.796088	2275.639047	1873.30373	1063.243415	1012.039696
Q7G1V6	1275.004493	1625.000726	2364.39566	2443.409283	1640.080031	1088.812549
Q6K9B8	1729.494104	2427.271855	1829.5292	1100.830624	706.575803	556.759868
Q6EN48	42.901065	164.320338	432.752535	432.717006	145.440387	71.88259
Q2QXY1	655.778552	626.722675	902.781876	1211.05035	1117.369777	773.089569
Q6YYJ6	1144.262669	1246.012646	876.589374	367.763613	255.400187	461.227649
Q2QLY5	823.751192	613.357543	318.615224	172.970944	222.132621	371.286335
Q10MK5	296.559639	556.474184	926.881299	766.123414	409.961845	321.157077
Q9XJ03	119.132008	157.224461	325.29094	362.731454	206.243415	107.553591
Q6YZX6	5039.743415	1310.633105	978.382186	1250.858799	3413.397261	4818.932169
Q2QY63	249.72027	1375.728973	3783.019204	4305.857467	1686.340146	368.330027
Q43009	139.320338	357.686359	691.987277	786.188359	415.782378	322.043695
Q5QN02	290.325728	294.587438	387.943474	491.551107	430.573955	370.680035
Q2R2W3	759.130457	274.430922	438.710952	1131.038141	1883.089569	1474.319701
Q7XKI0	105.784491	137.982714	642.762248	1413.947063	475.935723	115.331442
Q84T92	79.41403	109.008423	314.92491	440.74172	366.704953	291.673351
Q7X7N2	147.166492	184.234734	288.586194	339.712464	255.212725	205.474184
P37833	855.613504	2989.089569	5055.704953	4846.166492	2792.478634	1988.062071
Q6F354	91.243548	59.201065	154.397261	896.781876	92.320444	88.160282
Q0JA81	10675.42475	8318.894077	4131.566869	1477.359999	2121.76075	5151.397261
Q6K4V9	289.190266	646.918136	780.027141	582.371309	299.478552	322.226773
Q67W29	345.03795	211.192782	74.962325	54.562027	36.226176	69.80428
Q2R4Y8	1379.132035	867.600111	717.018008	725.067485	1074.474104	1726.133042
Q84VC7	47.910032	78.955779	88.705162	61.555653	41.189486	28.357632
Q6ZIX2	1837.858799	2956.708786	2763.875955	2813.358799	2044.911901	1759.088625
Q6AVM5	113.92804	195.012646	271.061876	225.538292	171.551107	120.864539
Q6Z6K9	24.437163	230.667869	709.394983	644.223044	142.372384	24.5175
Q7XE48	3452.410347	5433.642886	5174.63357	1697.353028	261.598483	587.166492
Q6H6D2	963.057324	853.256048	421.744473	205.026853	522.483958	742.959537
Q33AE4	2679.138536	1254.961838	293.279436	56.452254	48.18602	315.009586
Q6Z5I0	802.900384	1110.043097	1047.051025	437.803558	434.753451	395.373767
Q67VR7	14.660921	16.255239	22.438903	73.849723	28.478655	16.835057
Q93X08	565.459336	530.232861	322.182175	274.62803	317.514384	494.649983
Q7XMA8	386.243415	1021.656767	878.488655	460.218981	232.736079	346.965486
Q53KL7	384.731028	927.230494	1569.111419	1669.089569	469.000068	417.574934
Q2RAP9	44.061866	109.279389	199.56547	263.952993	113.372894	114.435628
B7FA90	2737.352752	1656.834644	1359.594257	1321.721403	2107.589456	3376.320338
Q94HG6	736.532663	281.629676	297.000598	356.045137	914.512975	1340.274385
Q7X7A1	758.538854	1468.693209	931.927525	608.546212	524.899396	831.63469
Q6ETN3	121.457458	168.677478	330.482043	310.319812	184.166492	140.844269
Q75H77	9994.619174	8872.163003	3280.185074	434.96229	712.811433	2852.692073
Q6H6I1	621.210435	415.356774	739.546861	1216.361733	1467.554777	836.667765
Q6F361	31.900896	28.964108	32.785365	69.390583	59.508011	41.92131
Q10A30	4248.202947	5560.462146	6014.999067	2126.782027	1887.617414	1404.414001
Q7EZW6	35.157794	1047.858799	4437.951068	6301.713144	2308.397261	642.12391
Q01401	936.05351	707.783147	752.172451	884.717831	1149.835165	1319.012646
Q2QLY6	210.135604	305.621926	651.165967	847.692701	526.603435	394.308371
Q10CE4	46.108361	108.895134	155.25163	257.243415	51.956646	61.575539
A2X747	1312.063881	1170.804744	790.872801	856.080713	1026.704953	1210.243415
Q6Z0T7	2230.693406	2142.907423	1078.371183	923.751895	1059.065926	1554.986314
Q5JMC7	699.376706	540.843123	435.474184	383.515504	526.647508	587.080838
Q0DY59	654.444504	509.237503	388.230534	391.56499	482.63139	751.986067
Q0DHF6	11.870691	19.693308	47.771953	66.93118	39.007187	31.303014
Q7XX31	23.040359	56.93788	82.788869	105.426543	94.927622	72.860907
A2Y650	133.781876	758.795293	2765.435695	3016.125044	477.156539	409.25563
Q9SNN8	424.401822	560.543871	237.911875	128.551107	178.244467	374.345859
Q652S1	1038.091391	736.558998	714.166492	761.121907	989.012646	1238.858799
Q6Z3F9	3525.858799	3648.176932	3876.644994	5879.320338	6348.694602	2812.243415
O82427	15.753626	45.670438	59.457825	18.872401	12.955455	20.7944
Q10FE9	387.243415	572.952589	953.181609	1108.28494	687.117114	505.115182
Q336N7	4797.313139	6057.397261	4392.568449	1634.320338	1522.474184	2130.764816
Q6KAJ2	670.320338	449.60095	406.551107	655.958542	824.425089	909.412171
Q6H6Q2	1160.22546	1271.675547	2119.929895	2675.257274	2508.781876	2506.569384
Q8H930	765.698362	668.820387	982.805472	1589.935723	1360.858799	906.949482
Q6ZL94	3109.057517	1022.781876	371.756651	150.689576	400.455958	1436.014975
Q6ZL94	250.229527	260.097548	508.741267	674.549233	598.118792	599.781876
Q5N7L0	189.113998	114.492002	577.320338	1434.726954	889.865294	484.40715
Q4W8D0	306.704887	245.243415	343.707928	492.00492	571.935723	542.293617
Q7XPR4	53.900259	115.954019	161.623822	157.17394	129.760375	94.436778
Q6ERR3	404.256722	745.424139	1172.166492	908.381585	556.331578	360.554516
Q6K9M5	764.424994	380.012646	136.363956	31.280661	36.876732	30.22831
Q5ZCV1	831.991217	1316.195245	1564.977024	1693.755901	985.805494	579.267237
Q2RBP1	254.364595	235.616526	155.532528	95.434498	108.759965	210.115869
Q10SM9	300.704802	493.540701	532.012646	416.474184	319.313498	258.719746
P30298	390.202845	105.139487	43.190884	25.07152	54.241451	74.82507
Q65XC6	95.628083	83.099896	196.476461	285.773637	190.679316	157.514601
Q0J360	106.697485	117.986556	149.551107	151.935723	114.586155	70.480432
Q8W0B6	130.853003	125.470703	187.435886	208.551107	211.642295	143.152565
Q8GTK0	90.775311	184.554158	345.415325	346.226255	144.05313	104.532871
Q0D7W4	242.361488	171.781876	126.57488	125.048385	164.630312	242.920598
Q8H3L5	692.321762	1366.474184	1279.196512	529.843127	116.352151	72.91037
Q5N800	40.244937	58.401389	124.551197	169.151608	108.012649	62.916763
Q6ESJ0	368.415404	600.613594	738.166492	694.590736	462.733582	332.320338
Q6H849	210.159819	192.234146	195.005434	217.397261	262.858799	411.071508
Q5Z8V9	545.10295	587.397261	853.397261	1117.166492	1131.120902	1042.049386
Q9VCX1	3365.96808	2960.704953	1423.883734	783.089569	552.012556	1476.708004
Q5SND7	316.14508	355.951288	699.150873	675.522157	453.797907	333.139573
Q5QLI1	72.632179	61.034729	101.229474	171.551107	133.779869	151.597387
Q75LL5	242.195488	328.089569	408.521112	457.785386	406.829751	357.640028
Q6H4G3	485.678825	631.088335	819.32919	770.340488	579.367429	428.320338
Q8H4L3	124.658092	97.551143	74.627212	100.597853	106.529239	285.398303
Q2QME6	287.857843	430.149034	662.733288	578.058193	279.479535	150.455797
Q0J9Z0	2464.173496	1034.595095	608.514408	835.11148	1734.828774	1852.026741
Q0J185	573.089569	595.321831	1430.51496	2337.820338	1523.62803	1035.243415
Q0J185	27.064069	46.397499	126.039049	201.703936	105.397388	90.458213
Q5JN19	722.747568	1237.691543	1547.511541	1426.740244	787.903029	766.761547
Q0IS17	1915.843674	2830.905922	3119.816195	1981.181453	800.781876	1356.920698
Q6H4V1	1611.051187	1498.589569	635.866303	203.297035	286.019598	624.538491
Q0D895	1054.103	239.178208	113.185228	362.217368	746.275332	1543.243415
Q75HQ7	536.590089	939.974866	1574.901525	1840.183826	1145.212086	775.74036
Q69M33	549.126324	854.733947	1052.37904	1330.865581	849.244566	472.940752
B9EZJ8	153.452894	212.68398	221.274156	222.249924	162.397261	178.474184
Q6Z2T9	3313.39111	3347.660138	916.681543	303.719871	859.935723	1550.224855
Q75KD7	148.830095	259.631625	323.822584	265.610624	152.264911	58.698357
Q6H6G1	1120.655322	687.62803	537.690834	526.915707	632.029942	557.581461
Q6I5C3	3260.666492	3688.005828	2952.870732	1909.781876	1882.327244	1738.26833
Q109W9	5568.740927	5308.577832	5837.011613	2620.089569	1075.139872	1759.589715
Q7XMP6	134.185259	109.810148	126.108774	137.089569	177.243415	190.155774
Q75II5	4208.342224	2275.781876	1284.99976	213.012646	926.51825	1850.918699
Q6L540	2269.525495	2853.781342	1713.493012	493.96545	372.147057	342.366331
Q6K8R6	92.450342	185.541634	353.445267	422.540906	233.847295	206.757774
P17784	659.941918	698.7423	593.695233	375.010875	353.461808	558.21454
Q10MX9	1252.218245	1733.948538	792.29036	717.044368	702.58004	689.551107
Q5CCK3	90.950249	132.031665	142.70602	67.456014	25.956579	59.544272
Q84ME6	373.671689	540.520886	875.93029	1164.971752	852.012646	635.356639
Q8GVZ0	736.355916	251.551107	66.080601	77.242538	102.629348	143.219595
Q2QM70	7392.096345	1397.002634	563.88542	966.59643	2234.838261	5795.303965
Q7G065	664.498144	814.551107	1276.917335	3520.301433	1415.804465	1475.503759
Q7XKF9	118.24399	40.060189	70.205028	102.827064	187.651915	191.620753
Q10PZ5	412.166492	527.905877	562.340722	641.472586	540.146465	520.427119
Q5JK18	26.661657	100.350844	102.012659	124.506713	25.933748	21.526981
Q7XKG0	99.536937	81.797214	75.134869	64.933012	73.066786	81.854896
UPI0001C7EA56	918.292822	810.472051	593.538354	725.169215	1019.567139	1236.664286
Q6ZC70	659.275002	1013.704953	938.297177	478.853505	347.057872	435.055741
Q2QPR0	679.320338	576.127425	388.51702	176.885926	193.907311	380.923309
Q10DZ5	391.885403	333.455573	320.57693	378.325012	449.904908	479.115449
Q8S9S4	46.855541	225.588974	766.453223	942.167909	383.866642	167.041733
Q5Z5R7	465.615109	950.842991	948.337234	965.927652	424.781876	570.077741
Q10SL7	395.954267	509.440099	733.985464	834.494793	521.858799	421.353477
B7F956	17164.72108	16944.72654	12820.44695	6889.854846	7868.769304	9710.908285
P14656	1532.63094	1313.122581	839.781876	142.192176	69.327575	145.652412
Q10N92	107.324593	158.041321	213.716054	173.512252	105.209014	67.408757
Q6Z702	3091.649513	2041.320338	1178.765122	1063.209356	1700.768432	983.50527
Q5NTH4	40.613312	37.920548	57.542997	88.935931	54.448944	37.96087
Q0J268	162.322099	110.987525	130.818128	212.166492	284.245279	300.732008
Q6AVG6	59.019966	101.661001	40.883839	15.62901	10.107361	14.70999
Q688L9	784.320338	1125.631728	1289.999451	1528.679569	1273.339639	1017.089835
Q53P53	754.634079	1023.516681	1413.762394	1311.234735	1023.931413	690.957148
P18566	1293.903155	51.734892	37.624731	192.096831	543.87492	1378.946307
Q7XVP0	113.268675	203.984749	352.140773	339.333096	217.661763	153.110937
Q0D759	2041.315476	1261.23609	510.830904	305.646941	358.922432	453.059095
F1M6Y0	682.688134	644.767491	561.090363	875.799462	904.15875	1031.086165
A3B8X9	165.246002	250.492406	437.204687	507.334327	297.340028	182.984734
B9FML1	1050.808245	985.839607	1291.342734	1603.666761	1634.498494	1216.366612
Q6ZAH2	865.853007	578.574103	428.397261	359.031954	581.63762	1080.893269
Q7XHL3	2025.452227	1517.775944	983.910461	958.352461	1245.166492	1455.704953
Q0J0M8	130.848	206.760054	290.42249	257.52961	117.692269	108.289715
Q8LR33	340.235177	358.781876	646.976384	878.059754	699.61644	613.13544
Q84LK3	765.621681	1217.538337	1830.612021	1983.262035	1168.92362	786.738288
I1QQP8	710.771958	185.715473	221.719822	546.166492	937.36495	1121.847935
Q67WR5	65.622162	45.101183	79.309937	116.677091	110.811154	122.704953
Q8GTK8	1117.673201	1915.417541	2028.036303	2234.821192	1286.958281	764.071665
Q7XH05	776.210843	866.058083	384.943857	320.588893	350.915288	291.823773
Q69RJ0	5995.606995	5374.511234	3734.475075	2034.048956	2365.444191	3063.914755
Q5N7Z8	4743.645943	3541.682177	1670.67702	295.972408	486.592285	1670.67702
Q6K5G8	1881.451386	2990.360591	5647.781876	2235.862413	1731.873482	1576.050269
Q2MJA8	1614.564401	947.386119	502.206515	407.58984	550.451426	688.790091
Q5VND2	539.469958	830.056873	1159.928979	1090.556541	814.694013	359.410231
Q6AUJ8	273.429524	294.647116	613.704953	783.38241	555.93047	328.200963
Q6AVT2	1467.418999	1122.06175	2345.06202	3967.311448	2958.292503	2330.934406
Q94JJ0	444.708201	466.812463	502.6042	680.145786	617.329397	552.231377
Q6Z5B1	132.680395	111.704955	164.623497	225.855189	250.511512	190.166492
Q10SU1	797.452086	1918.228249	2236.680743	1273.011278	639.601036	622.012646
Q851L5	283.934237	356.012646	321.082282	218.320338	135.012646	99.919717
Q5Z8Y4	111.625792	162.24339	252.151641	336.139375	210.885393	136.791819
Q2QUI0	152.781876	148.060952	185.143781	314.397261	321.333772	200.52238
Q5VNW0	1466.885137	1021.222569	1009.236054	2137.757287	4200.891371	6070.281876
B8AHI9	323.339109	263.426235	349.043239	283.719511	590.253025	852.545234
Q8LNU2	991.870432	1278.612919	1506.085594	1722.13335	1254.089569	793.560868
Q8LRJ3	551.795535	163.841001	163.008387	260.203244	463.933795	750.935723
Q7X7X0	264.857276	303.243415	141.032378	60.823555	66.924011	143.803509
Q6YZ18	688.320338	598.322082	375.935723	344.18904	287.012646	513.572692
Q84JI0	183.883049	108.255075	76.116415	66.361599	106.909851	216.659883
P29250	165.65846	83.460677	76.282896	12.057534	22.781442	48.338859
Q10RP2	155.68669	185.607953	369.62803	574.157182	337.293051	236.781876
Q6L5H6	2644.314011	919.075708	570.454846	382.732562	1344.155668	2260.15721
Q0J0N3	77.960496	134.146785	44.017793	27.589201	26.673196	28.673797
Q0DUI1	511.092023	399.572046	675.463348	2394.401208	1860.02123	665.540712
Q6YYZ2	413.564194	827.243415	1323.448359	1487.704803	546.54239	429.965149
Q6EP59	2761.456237	3709.632608	4120.798103	3272.947785	2436.599861	1796.983999
Q6F354	73.923492	56.846413	51.927337	79.210022	89.433105	120.243415
A2Y9Y1	357.397261	294.899528	401.131711	710.012646	600.551107	352.674887
Q8H530	2533.436064	4160.372225	6916.383752	3566.366227	1586.40655	202.024254
Q6AV34	5233.052066	3610.895001	1694.785291	598.680456	939.357792	1347.089569
Q6ZGL5	604.338792	777.211194	1059.397261	980.589569	876.646826	738.444724
Q8GT01	1564.021264	1787.440413	446.397261	103.732351	169.243415	311.551107
Q0DY86	171.179366	217.990737	663.962158	935.609124	503.614946	426.706886
Q652A8	598.879994	536.243415	549.980969	844.616541	933.45949	938.320338
Q6Z3Y3	262.32222	306.858799	972.370478	1552.322385	893.621235	317.105732
Q2R8T7	88.821007	125.319795	176.997802	198.243415	157.870144	122.704953
Q9VCX1	1391.602126	698.574315	280.62803	177.474184	159.971054	119.294124
Q10L56	819.43586	782.320338	1308.713967	1512.749756	1219.725932	913.841221
Q8GZY1	1864.78089	2184.974184	2959.939442	2820.048757	2268.594356	1773.091849
Q9VCX1	179.947853	435.089569	356.275264	205.74649	132.191895	200.913138
Q6YUN3	3968.567858	2614.858799	598.547704	226.907543	437.024577	656.235866
Q5ZBZ6	48.301533	126.651049	107.275856	61.66687	42.777696	46.705548
Q0DEC8	948.588795	1584.490055	1824.600442	1143.066608	979.243415	741.277046
Q2QT32	2603.014256	4802.731433	5403.974184	4303.592851	2997.908236	2285.963355
B7EA04	1219.731114	989.028798	899.525991	840.846519	1191.858366	2783.756847
C7J745	118.915137	284.490763	545.958224	614.858799	233.648778	202.846643
Q6YZE2	67.607832	106.272427	175.457323	249.995939	153.410328	110.945572
Q2QXZ1	2767.671239	1770.796065	1492.729336	1639.320338	2076.508883	2407.9776
Q9LG41	1316.039207	1195.051107	1697.505848	1829.420907	1836.450542	1965.366862
Q5NBN4	417.300185	464.858799	824.770053	526.527983	424.683657	428.952275
Q6H624	4219.294151	3646.000685	2219.399929	545.67761	621.246143	1285.185144
Q6L4R0	1118.136892	1188.385602	584.734084	348.617644	64.544023	301.089569
P42862	857.227247	1231.583752	2050.645591	2006.586909	1260.384219	870.916299
Q7XI92	461.392245	522.901036	587.798505	730.086816	693.642895	495.551107
Q10NJ7	528.693333	625.551107	938.210636	1052.035635	840.936943	907.760186
Q10HZ6	594.29138	502.023457	336.478002	263.519775	442.504672	639.458329
Q94LU9	723.330061	494.849807	329.575267	281.540628	387.041964	536.243415
Q6AT26	40.280713	76.459289	28.350207	21.83885	23.989687	18.224881
UPI0001C7D931	158.474194	174.088653	93.822806	41.668844	86.465091	551.62803
Q7XCK3	2317.858799	3315.884609	1922.180542	292.20726	420.336027	13.577103
Q5N761	504.385172	308.022602	197.212601	241.131725	344.089569	662.741402
Q67TQ5	792.474184	626.6361	665.068039	1113.899403	1159.070771	1350.564245
Q2QNM6	104.604952	54.977647	57.52089	122.067445	180.84704	266.636426
Q5VNP5	258.012646	298.359888	214.181236	187.248389	217.537616	487.925837
Q2QXY9	353.434701	453.367301	463.802634	538.693197	393.840973	350.381742
Q6ZDJ7	531.383339	240.704953	145.071792	130.008581	223.898593	237.303841
Q10L51	314.499405	567.094186	829.144709	694.243415	285.086007	319.62803
Q8H0B2	36.008243	80.379514	109.462552	143.62803	27.519524	31.279712
Q7FAL6	17.918917	17.599834	18.827571	50.578934	22.208955	17.498904
Q6H7Q6	53.467765	70.967067	108.30478	125.071055	88.855011	85.946763
Q6ZI39	4443.679918	3117.437366	1925.536908	1282.769065	1442.643423	681.492759
Q6K3T2	331.935723	421.551818	695.454832	300.544624	189.779976	272.013484
Q0J8A4	20.709712	74.394546	102.628418	86.389089	59.997183	28.6952
Q6K6Q1	516.800839	297.491114	283.236354	268.299517	390.267976	592.415174
Q67TS1	248.99288	176.584604	139.406999	128.551107	153.624229	305.594371
Q5Z678	800.808932	601.18613	413.042538	454.208897	660.397261	726.872858
Q8LRJ3	42.710072	43.999595	92.244914	172.243415	160.763083	63.185691
Q0JF02	269.382997	119.087607	89.551315	113.222062	109.947582	376.344977
Q8H3L0	1160.769522	642.755411	638.32177	648.602892	896.703795	1204.14006
Q2QX58	385.089569	394.962285	169.521485	26.688532	53.754403	81.9108
Q9AUV6	686.627119	505.356683	531.034756	717.320462	815.635616	912.831203
Q5N8G1	60.718572	398.37966	1224.550268	316.369374	88.363568	151.571234
Q7F1X5	90.412234	97.018353	225.273381	246.610299	241.336553	191.320338
Q0D980	37.172462	94.544635	137.117919	81.552036	39.154669	36.290742
Q7XI35	102.384995	185.243415	194.094884	269.37964	230.448047	187.258609
Q69TW5	252.243415	315.195825	426.474184	502.549208	307.023069	289.713095
Q7XV42	875.039915	1310.247414	1448.435723	1682.616256	1507.187206	1066.560333
Q7XTX7	808.469185	940.597117	448.161104	348.62204	410.763546	445.272776
Q84JH5	406.068569	440.655289	755.494474	916.883642	798.053604	473.051114
Q2RB23	60.81046	34.76926	39.975401	47.052235	52.767573	131.592625
Q84RX6	106.1172	231.794669	268.108071	261.664898	140.967966	58.136097
P14655	9224.836729	6363.37216	2612.513853	1273.297152	1322.736834	3639.551107
Q10S58	2608.230651	3103.320338	2647.214188	2217.929401	1575.53299	2197.928178
Q6Z434	447.240727	973.397261	481.455339	379.427857	200.886518	193.932079
Q10D68	2555.776872	3606.125818	3343.051107	2995.397261	2472.059275	1750.093223
Q10PB7	215.12028	239.870754	314.734079	363.920265	349.662225	347.355387
Q7XYS3	1500.52538	1533.32476	2986.820338	5253.511876	3883.550378	1535.049744
Q851Z6	4542.06206	5117.704953	3289.704953	1087.092422	2003.702214	2793.211494
Q67UZ8	927.581585	669.87854	332.936044	196.064056	124.505964	227.62803
Q75HP7	2826.874487	5025.213467	2590.483188	653.149537	248.810154	416.213005
Q93VC3	1351.089569	2444.644446	1310.182033	287.021073	185.081111	574.089569
Q10JX3	30.097566	25.648321	36.792565	83.097597	58.176123	44.006328
P0C587	87.9239	90.692698	120.657581	198.146261	183.856856	69.146936
Q2QLJ0	1064.547339	686.823112	825.52933	1131.380135	1371.189671	1520.095385
Q2QZ14	356.271119	357.897261	471.164267	618.237267	578.984702	305.607324
Q10CS9	448.551107	493.069259	295.246023	155.844307	176.089569	260.147149
Q6H6C7	372.634247	449.676207	531.928543	596.62803	474.752937	397.293656
Q69K00	81.552036	94.034157	158.00482	248.002182	213.800064	188.421571
Q5JJV9	8.811166	8.631867	8.95815	8.880356	11.473622	14.319226
Q8H051	1375.858799	947.722056	833.320338	760.970379	1262.320338	1732.339351
Q8H2J9	614.858799	249.189053	237.212599	242.62803	293.749055	716.85103
Q7XXL2	213.254229	390.417559	693.704953	803.4919	401.088494	319.167913
Q69P84	150.474184	112.360418	52.280359	35.179244	27.207301	32.147301
Q6YWE1	267.836157	221.115768	137.398835	117.542485	105.964704	124.261781
Q6ZDQ1	482.968806	573.125961	1168.393083	1112.342612	459.369566	461.092291
Q84S61	81.784157	82.828373	217.903188	316.687634	205.818029	128.433607
Q67WR2	215.257369	730.973064	331.309437	54.316965	42.80297	95.375538
Q5ZED1	946.281876	1228.386361	1475.171106	1388.461162	1092.372806	936.740973
Q0E4N2	216.052837	266.776937	541.243415	801.051107	623.62803	490.923678
Q9LGL5	159.335207	193.443466	375.351248	464.524733	353.552539	300.095399
A2ZW27	2831.98752	3607.184337	4826.09872	5231.631661	3722.006919	2658.164186
Q8W250	632.017384	523.067662	972.428758	1448.283582	1212.790796	994.333276
Q93VC3	592.108324	222.139601	101.117772	92.400587	194.065023	277.585459
Q6ZD10	3091.586533	3139.755761	1506.586594	218.320338	106.897469	254.366068
Q6ZI55	915.167651	1419.219865	1305.011225	1278.457896	589.25504	466.012646
Q33AP0	152.813705	210.822713	230.066425	225.04913	152.935851	159.858799
Q2QLY5	435.128088	338.250847	412.109957	553.1214	570.62803	523.850849
Q6K755	294.792119	377.958293	550.511585	629.141622	493.743415	450.547791
Q336R7	16.649567	12.37066	13.781339	19.784644	33.030416	28.526398
Q6DUC9	77.987932	154.551107	258.913634	353.924761	128.382094	89.684538
Q10Q61	1447.862264	1884.390956	2812.246551	2525.012646	2225.093867	1501.752262
Q338J0	447.149813	354.841774	340.358759	433.60151	858.397261	1167.858799
Q2KNB4	258.012646	327.438072	864.415499	1052.455372	470.932582	271.957323
B8AZ97	110.864955	166.639983	215.327439	223.62803	163.944994	141.544625
Q5VRB9	224.979033	271.980551	469.474184	549.566318	401.781876	312.638184
Q7XVM2	1997.574437	1165.643269	666.897261	428.803621	600.573324	990.535359
Q53JI9	120.822298	92.160409	169.676854	393.799595	276.243415	181.066907
Q7XHZ2	118.918604	185.243415	317.839976	390.920539	215.127933	160.609436
Q6ZBE1	73.14134	73.016775	73.14134	63.405415	56.723785	178.474184
Q69QR4	2481.320338	1820.811142	1164.641788	404.664142	540.786913	881.030384
Q9SMB1	729.672313	612.146944	564.086908	571.363007	926.683102	1434.62803
Q2QTJ1	721.089569	552.564022	330.444276	278.552826	323.970894	409.502647
Q5W6H5	43.030572	85.474788	111.654191	160.364579	90.891965	98.103955
Q67TS4	654.050962	920.000504	1275.273326	1013.878165	761.350679	553.983255
Q7XKQ8	2104.339759	1874.166492	1629.336325	1463.549998	1831.327433	2275.089051
Q7FAE1	598.374674	855.474184	943.833774	1059.670911	930.09388	725.858799
Q7XK23	437.78171	1252.229863	2720.239647	3565.166492	1400.848297	1288.396498
Q337F3	1910.072412	1301.014391	1069.803319	809.858799	920.09603	707.935723
Q69IL0	1244.276239	1637.501287	2489.248144	2144.512634	1341.704953	833.516835
Q0IZS0	310.867882	313.574968	549.397261	798.394556	526.141483	474.795509
Q7F0B2	777.388453	1030.374054	1490.705428	2365.474184	1515.403728	1223.215698
Q84ZY2	423.136521	604.734718	1048.388112	970.004375	532.243415	357.906241
Q5VQG8	748.581255	822.082293	1045.781876	1143.263199	986.686989	677.243415
Q6K7C0	278.035895	268.61206	243.121591	124.882647	62.337597	70.959492
Q9ZTP5	3813.711794	3525.135105	1668.627408	590.243415	459.90589	1018.407147
Q10D87	480.070036	719.454746	1143.077272	1145.611607	719.454746	449.547144
Q10QN3	137.487215	175.642745	337.867684	406.018019	326.983058	154.012646
Q8LHD1	381.983835	243.030068	288.566454	407.973451	490.527612	660.380733
Q0INY7	367.644598	461.397261	823.977087	838.234861	507.320338	507.320338
Q5VPH2	106.959598	198.551384	305.040188	295.781876	160.327941	134.012646
Q10L50	347.573595	350.659177	540.57446	523.588301	497.017979	501.326093
Q7X8A1	408.063828	512.704953	678.149034	731.397261	598.603267	298.087126
Q94JA2	28.924324	29.119787	32.66042	34.848852	32.608367	30.864432
Q5MBR5	31.450804	27.804949	60.349501	68.448723	62.199734	54.841676
Q0JA82	856.534336	1435.226142	2563.852705	2775.848845	1681.492505	887.905765
Q2R2Q2	87.182942	75.854892	79.541114	98.166524	104.637864	316.262818
Q6ZI86	26.526713	39.834513	34.601017	79.32193	33.079177	28.86489
Q6H819	627.823557	770.5693	1613.717756	2165.512646	1551.74281	2189.120683
Q7XM21	281.679798	388.879787	448.352486	422.262827	337.008022	262.12803
B8AY22	945.573048	1362.196006	1554.562395	1718.70612	1269.979795	875.074287
B7EEU8	40.365475	32.114925	36.264526	48.55408	44.971226	94.120896
B7F4K3	1442.613347	504.194569	130.182406	143.733492	304.014433	1383.786714
Q9ASK5	1635.017075	1210.225309	1003.391902	1342.51554	1861.170724	2587.459315
Q7XAP2	95.789541	58.947876	52.299	78.143062	123.771916	344.54703
B7F7B9	759.428737	735.476179	479.32766	339.521046	380.222902	412.499218
Q94LV4	162.185665	240.613356	365.130673	440.811004	329.15028	209.24078
Q5JMX5	356.567692	377.081573	470.857287	430.436308	380.089569	339.610104
Q0DCE9	397.86689	503.392395	1406.031769	2091.253257	986.001215	760.075678
Q65XE5	20.671102	48.734854	41.691672	22.863102	17.164696	28.180142
Q6ZGS9	311.474184	259.749914	220.926153	215.197708	343.302813	391.479943
Q6YS33	272.857126	351.935995	593.474587	547.83042	439.165895	414.242415
A3AQC6	769.411577	1150.937416	1597.093769	1552.162378	1011.015641	750.252163
Q7Y152	76.225303	64.260653	62.868437	72.408477	126.939902	162.033546
Q84SE2	4742.012646	2527.518036	2305.691461	2512.741575	3773.784707	5919.433065
B7EAY1	1258.497611	1244.592968	827.360301	727.839465	650.62803	726.826581
Q75KQ5	4290.62803	3525.212439	2506.089157	1448.65279	2134.186307	2360.317133
P31924	319.088129	391.514915	638.7961	631.346751	409.89685	351.464051
B9FRT6	969.76975	1497.375812	1389.82621	1227.708433	907.164698	570.474184
Q6K7R8	774.874816	727.738022	923.294996	1684.486968	1278.020003	545.038961
Q0DBF4	2452.870363	1035.69325	410.877705	63.373801	126.493729	944.207951
Q7XI92	505.209206	263.334764	251.270638	244.83442	235.106145	426.221358
Q6EPN6	282.446183	384.40268	589.209295	595.389999	365.551107	361.866192
Q69T90	120.373844	383.62803	1180.577013	1237.301881	398.906134	319.78902
Q69P51	268.767766	225.666207	161.690594	184.397261	195.526697	161.062826
Q5VSB8	294.891368	280.125518	243.715271	348.40005	410.675484	436.292777
Q2QWK9	307.503419	136.241994	140.666492	134.684888	209.568977	349.690496
Q5Z6E5	248.018358	152.621363	171.985426	272.632136	500.901609	423.130346
Q10LR5	1488.032804	773.91706	245.515269	157.910134	180.858799	624.650688
Q6K6Q0	86.936046	46.838682	35.03545	33.477601	31.475613	34.546724
Q2QPZ6	80.375398	133.079969	283.673	345.317599	140.704953	79.936868
P15280	682.797469	463.089569	590.089569	975.86547	962.781091	1041.634502
Q2QS13	70.801093	52.153874	56.681927	74.938556	144.736705	202.075338
Q5Z8T3	561.410559	505.78032	401.540769	392.907055	505.872731	587.200039
Q10QR9	746.45547	625.551107	302.843889	272.723758	287.361989	331.089569
Q2QTL0	1507.91882	1344.13004	1366.659092	1582.949042	1791.859256	1934.595922
Q53QJ0	1656.186735	1798.174371	2209.924929	2760.025887	2507.459745	1896.935723
Q941T9	393.344738	599.356344	751.474184	764.08451	575.800809	477.472929
B8AL33	2177.743415	1836.939172	1194.095836	784.969395	1074.172434	2121.846762
O24174	266.761064	190.041729	248.119075	211.106589	294.802163	706.613974
O64437	343.084229	485.513792	612.714202	647.62803	443.76555	419.517049
Q69XS7	1361.012646	2452.604774	3507.647624	3453.101986	2898.012646	1667.474184
Q5NBG2	74.694171	87.63572	48.807075	36.618784	32.401693	25.858045
Q5Z7R3	35.096892	97.551143	51.967719	50.411393	15.586692	21.746162
Q6Z684	373.766434	275.365631	372.419832	516.806403	519.107136	430.742046
Q0JRG4	175.341994	246.234815	371.428559	413.720646	345.629175	286.089569
Q75LR2	1650.036253	1522.262791	1162.536267	659.551107	735.166492	750.490725
Q6K9N6	11305.29324	14652.93572	12280.90612	6353.407462	4840.489678	3688.589569
Q9SNK3	808.909078	1072.214498	1312.124321	1624.527174	1122.535777	837.837588
Q2QVC1	92.154471	87.523241	76.245751	40.926314	34.752041	19.677507
Q69IM7	1042.023967	566.903528	280.349545	176.618595	329.721385	359.858799
O22567	229.176953	174.217248	153.259833	178.390042	200.226078	268.342769
Q0D3Z0	84.936181	48.559557	63.736802	89.065453	133.742408	187.389188
Q2QRV3	435.62803	370.42577	289.826561	320.113578	476.345552	503.994963
Q6YUU2	114.923787	142.748776	165.554179	150.228772	133.781876	72.064964
Q6K5U4	671.397261	503.432376	408.294996	397.37515	523.536178	864.27206
Q0DEV5	81.818054	76.553193	63.445085	68.506375	74.321646	237.935723
Q6ZK11	597.166492	449.713794	655.073666	740.443623	847.951524	673.324618
B8AT82	15.439703	34.69855	65.840534	69.00545	34.530979	12.438439
Q10E50	802.792871	412.583995	387.252549	275.09774	538.243415	1099.166492
B8BB38	38.65979	71.913768	60.683267	40.42785	37.497619	42.062717
A2Y626	61.281382	39.939279	35.538534	23.27998	35.048504	248.474184
Q10MS2	13.161211	14.853832	14.291027	13.04807	16.176963	28.824728
Q69V57	293.375328	428.649779	394.065378	222.806753	187.730718	171.372663
Q8RYY6	366.279979	293.631341	163.107814	135.90066	118.366102	110.509667
C7IXG8	71.435159	73.006814	176.370301	328.239069	228.94325	129.932669
Q6Z5B5	1963.128892	1171.033498	918.799432	971.891232	1452.597521	2604.242492
P42863	952.444874	1473.369622	1564.243415	1680.62803	1409.90254	1225.421553
Q6H6P8	67.863027	79.627869	270.739768	361.005514	188.364706	155.550971
Q10M07	50.483442	95.763968	119.15753	128.524087	81.583146	79.936868
Q6H8F6	319.551107	465.796982	717.851184	795.166492	565.858799	404.997774
Q7XNX6	345.75122	132.227393	41.771749	46.82132	63.457455	105.320344
Q8GVJ4	158.118219	208.407887	276.641818	338.704953	279.230124	182.701499
Q2QZT9	101.081953	85.606226	277.52	360.935723	219.060736	123.781876
Q8RYL1	6336.731595	4723.460142	1918.783137	690.699263	1306.858799	2052.397261
B8AG62	238.289967	201.035754	156.404668	179.089569	207.543001	507.090636
Q6ZAC1	630.989029	977.911101	1321.300052	1385.824803	806.122726	513.065602
Q69KM5	649.983312	1165.781876	677.180494	327.320338	268.917306	334.017373
Q67VR7	23.245566	29.858682	57.067678	98.166524	60.989753	36.701385
Q2QRX6	615.61047	677.844596	682.744722	593.714655	537.9897	1096.858799
Q8H539	297.232092	397.538862	627.343938	634.752519	399.973519	229.3567
Q10S72	3182.497637	1766.711326	773.817626	525.725665	804.31052	1361.781876
Q8W0E4	96.23275	172.602147	388.752923	495.660602	207.861469	85.43051
Q9FU67	383.773063	463.411598	929.166492	875.614844	557.08944	421.929895
Q8LR75	39.574086	42.624712	62.058909	61.864207	41.005196	37.144609
Q93Y73	2248.781876	433.849417	223.089553	423.669293	899.407021	1195.491238
Q6BDZ9	626.474184	819.904602	1112.913104	983.045012	848.382287	616.407304
Q7XI67	768.360067	1882.681992	3299.754474	3976.047038	1308.851475	1102.807351
Q7XU27	110.012648	133.407656	224.603236	402.261905	271.471444	123.781876
Q6Z368	344.248364	364.27092	428.636621	393.472161	364.27092	311.754722
Q9LGU6	361.858799	395.39884	319.647032	205.232279	203.080559	275.885392
P17814	101.084499	79.130099	61.461874	58.781066	55.30753	56.287564
Q0JDF7	518.290141	393.089569	149.637004	139.318428	218.797652	270.474184
Q6ZCF0	930.780403	807.77918	684.175681	574.243415	528.982808	832.731843
Q2QYW4	631.592877	448.849228	97.218263	53.391437	25.383577	64.344289
Q6Z6F0	61.9537	56.931289	93.034532	123.287704	106.196298	106.761533
Q5Z8Y9	283.001394	272.693754	218.334028	169.819659	164.026274	201.729791
Q5Z8Y9	248.781351	452.127332	394.359313	202.965646	274.406878	155.913878
Q0D3D2	2022.047476	3044.1189	2692.979685	834.62803	687.126079	1125.152087
Q69MH0	781.689356	456.809633	154.944152	153.91789	331.397875	549.141822
Q6ET36	5904.033571	5121.089569	4235.089569	2840.520227	2749.08626	3815.146215
Q5VN31	15.151841	14.263421	13.71091	17.421082	19.867122	15.151841
Q2QV73	893.14104	1127.704953	341.320338	80.700636	85.782278	157.62803
RiceCyc:Q2QV73	177.664211	193.748325	252.71851	299.54248	279.704953	199.527867
Q6Z2T8	6587.693465	4996.051107	4713.538353	5086.0143	5724.894753	9381.171791
Q6YVI0	911.45861	1167.184724	1293.291899	1212.039915	1014.340443	729.227597
Q0D7I3	720.085293	955.201517	810.781876	500.315147	421.115684	317.282837
Q9LD61	710.782452	896.524524	1415.858271	1404.267207	1023.858799	621.668518
P14717	5467.076773	4726.240027	4557.198573	2163.513482	1897.435723	2400.401844
Q852L4	534.074136	165.232092	173.935723	183.74844	530.369439	1578.824178
Q10RE2	19.668215	34.58567	44.207324	43.932912	20.582111	15.431875
Q5VQG4	391.396262	612.527382	932.151792	1020.803099	762.166492	372.067224
Q0J2L7	91.427333	78.610042	154.111094	329.012646	107.865643	106.186246
Q7EZZ0	532.092012	401.551107	314.15392	285.466015	411.445666	515.012646
Q9FTN6	1639.758322	2269.298461	1463.765859	262.62803	438.877387	914.204953
Q6ZB94	1623.588395	1339.858799	1325.815988	1385.89392	1584.479603	1664.536902
Q6Z351	1601.930112	862.64144	564.851592	270.917238	602.816014	928.525127
Q6K9X3	174.198639	175.918236	222.145835	301.591803	263.9179	291.781876
Q5VMP2	67.176814	125.134628	247.366299	305.148375	150.572977	70.44813
Q5JK39	28.210105	54.011308	103.067933	155.64892	57.367506	49.135822
Q8H0B6	6294.208615	6713.426446	7592.540025	8939.409002	7871.149075	6957.858799
Q6YV24	572.164985	734.923057	448.009246	196.138881	54.257331	393.796975
Q2QTQ1	21.250196	20.504342	21.787883	21.876413	21.787883	44.183596
Q10ME8	100.013443	60.512216	77.168416	118.551382	169.802852	155.988553
Q84ZN6	180.607025	150.580888	352.040112	771.693485	737.345661	263.304776
Q2QYB7	2509.012646	1775.286798	1273.726064	1176.186531	1445.880203	1664.626101
Q0JC10	115.320338	146.231064	232.032823	241.908959	174.009261	147.400303
Q6AT75	119.012646	152.625635	154.507947	116.946893	112.032767	98.728414
Q65XM9	1730.643501	2053.783243	2993.485035	3885.062422	2995.593546	1785.935723
Q6YU51	316.127674	186.092231	176.910403	164.704953	257.226259	276.064779
Q2QLY4	360.811523	276.631228	242.011696	344.089569	353.577089	464.854657
Q688Y2	59.738646	113.80596	83.00148	43.050535	57.972993	309.605409
Q2RAP4	137.196606	67.716355	102.858811	288.843727	241.242961	230.935723
A3BR74	56.22841	61.391156	42.944628	37.713719	47.634899	121.376426
Q6K8J4	989.166492	1089.662378	717.197736	568.797498	428.578441	485.032224
Q7XRA1	730.719753	422.444898	600.33631	1035.39001	1090.496887	731.261184
Q6ZAA5	876.921463	983.033469	1044.448423	1130.3375	1274.515311	1187.997528
Q7F190	397.19751	556.474184	188.737491	91.655537	181.793301	154.803189
Q5W6F9	30.883068	29.615	65.02713	44.895168	32.657818	30.205727
Q852M1	1495.536305	1525.096605	1741.952384	2292.547186	1987.62803	1621.378751
Q7Y0G4	55.588034	46.293031	52.160432	48.312671	64.931091	78.860199
Q69XD3	588.899658	460.490134	860.804036	1343.770222	1143.112586	668.62803
Q6ATR2	1502.311034	998.69558	380.858799	321.005956	483.263422	316.988312
Q75M18	223.148279	319.278946	312.301918	313.035392	240.040136	167.662882
Q653T6	1506.342758	1020.666737	634.885773	197.722343	292.149814	576.449814
Q0E088	117.402555	104.474192	45.83908	26.931948	34.046706	23.855533
Q6ZH92	2454.838444	2968.330985	2722.256796	2167.204953	2231.732673	1907.758384
Q94E75	22.265858	55.789764	171.413495	247.935723	65.027318	57.37254
Q6K8E7	752.738529	997.657536	1280.527715	1307.631497	1115.436643	794.904735
Q0IRE6	3590.77391	5146.858799	4876.462563	4141.084387	2801.763069	3512.649834
Q7G4P2	622.266476	280.0344	278.913888	341.860588	517.955722	587.917765
Q9AWZ8	84.676138	137.1956	175.869868	191.788341	131.290124	59.928844
Q0INZ4	428.971441	539.461123	770.16317	2360.576387	1079.202239	1073.508445
Q653M2	613.970051	613.644227	619.537509	571.530235	558.134621	374.871917
Q7XRT0	647.397261	587.203151	729.702216	931.489836	1024.259001	844.378712
Q9XEA8	163.935723	258.065611	262.935723	199.59973	133.781876	97.436744
Q2RB02	118.154496	85.940379	47.552264	91.28523	110.878004	313.440912
Q33CD8	1724.981691	1169.592701	1052.605894	1004.055172	1306.858799	2125.987482
Q6K3Z3	421.651722	372.871032	525.030686	770.551107	662.266386	372.985905
Q9FTN5	2619.858799	3770.716755	1841.063761	633.706216	1154.858799	1583.183501
Q10M55	30.453125	28.911092	34.192549	38.075627	44.561491	31.731267
Q84NP3	929.064775	606.637773	523.192093	604.256539	1166.089569	2348.662672
Q6ZHS4	502.533702	358.374388	384.172796	461.334997	686.969674	814.62803
H6TFZ4	1153.551107	1489.729988	2276.33994	1990.073143	1487.522664	907.167529
Q6ETD3	82.775278	125.229286	384.777884	436.62803	221.236286	244.409731
Q2R481	421.511484	635.106236	852.823378	960.229095	595.958043	416.991007
Q7XBY6	1092.884082	1043.22728	570.990519	441.885893	243.081477	314.857967
Q6L4H5	52.190492	118.037352	249.118806	168.250721	92.719711	39.339878
Q7XVK0	523.616557	343.59704	316.320338	270.783347	503.717696	763.532844
Q10L47	627.301673	760.180643	763.60323	837.474184	692.197201	679.778138
Q8H3C8	124.718062	388.736347	455.045198	134.758225	56.997962	98.10828
O22105	254.551107	121.571346	142.86854	158.567331	333.927253	424.833134
Q6Z836	1945.347006	603.933802	263.56217	283.921235	536.013901	538.65186
Q6H703	335.712059	368.354833	496.704953	667.013898	465.058953	389.640016
Q10QH1	344.4364	316.061263	395.306155	506.636634	642.663818	224.643377
Q0JDT1	2019.320338	1922.483816	2195.694952	1993.958626	1979.170734	2898.243415
Q7XZH5	319.551107	472.79207	263.411989	95.867506	145.044315	134.76497
Q5Z5R4	277.495287	396.108914	494.451589	394.306711	297.551107	88.671794
Q9AV71	2648.852225	3140.639819	4337.074619	4483.854867	3671.593976	2570.88657
Q0J9F2	95.122851	29.248221	22.574574	15.176271	23.010001	30.830714
Q0JF25	244.948031	272.704953	402.801618	521.320338	342.776685	229.469378
Q0E2X2	2192.760105	1214.678081	1334.317488	1767.716793	2332.820338	2762.237287
Q852C2	6582.487333	3675.824012	3018.120528	1770.308216	3117.610663	3507.704953
Q9AWZ7	228.544457	196.057609	117.395934	170.115043	164.62803	311.481791
Q69L93	1272.589569	812.024299	1623.630688	1919.275458	3131.089569	3053.368867
Q6ZF65	199.223003	299.064311	346.91607	396.012646	351.201219	204.102839
Q01M39	1871.62803	1440.43742	755.313078	626.397261	686.999135	1146.781876
Q653D9	926.148128	1364.980619	886.251724	497.687057	394.078911	520.530669
Q6ZDY8	269.610886	216.861852	277.969108	459.080052	420.528823	233.911124
Q656F1	256.570949	307.121176	323.431492	443.39183	346.474184	271.482153
Q0DKE8	1506.791658	566.975602	416.692272	240.260372	503.913287	870.488198
B7FA99	3535.474184	8409.629111	3900.944818	993.995856	439.858799	328.293724
Q2MJA7	440.809667	221.551107	225.596311	152.075967	160.724161	215.309125
Q5NAY4	948.761845	606.166492	435.202455	388.352958	500.022802	693.496764
Q53MU8	618.899838	783.166492	731.188636	793.994093	775.935723	308.957988
O24210	305.725036	262.399343	227.474184	232.767602	226.482959	442.297042
Q64MA9	280.366736	210.324395	165.021229	198.651705	228.270347	346.993063
Q7XMU7	289.407347	184.650389	88.459441	43.66112	53.460876	89.452004
Q6ET88	16.998498	18.391394	40.592215	131.166492	37.134098	44.333866
Q7G6M2	320.103372	571.276569	514.22204	555.13085	383.197462	339.533272
Q69TJ1	382.674984	278.456492	441.492283	542.320338	641.746621	570.590749
Q5VRM7	2337.129401	2243.148995	1556.761767	636.551107	777.724992	1278.269998
Q10LP5	52.299306	65.438936	183.704953	278.921401	151.74977	71.06486
Q0JJI1	127.119622	152.704953	235.443147	255.740319	147.617248	176.98839
Q10LR4	314.816146	278.549466	262.357213	282.134706	368.5415	605.461757
Q5ZB16	74.348354	60.044561	41.000929	44.436761	65.313095	89.896487
Q0IZJ9	288.513835	196.858799	184.270332	173.254895	215.647885	196.858799
Q0J1C1	6525.205593	9352.335295	8627.882093	8724.101909	7109.619271	2409.877273
Q2QQJ5	902.623519	967.089569	1396.246818	1401.7295	1259.370392	1246.589569
Q2RAP8	84.415212	106.333071	130.167161	154.995936	150.415131	108.938292
Q6H851	377.975852	555.32015	808.778256	944.977615	601.576155	343.673876
Q67W82	743.551107	427.910161	138.871749	56.87074	70.323088	202.875862
Q40710	214.704953	666.933582	686.292978	313.462189	178.010295	56.820193
Q0DJJ9	188.813379	205.195093	354.661404	390.059819	319.664482	212.203345
Q6ZJ97	325.49781	522.449367	610.704953	576.126859	465.551107	257.507248
Q688T8	163.378595	223.26108	305.903712	292.278042	216.781876	146.174079
Q53RB0	3509.993664	2916.598724	4127.204219	5291.303466	5423.768211	3125.229215
Q6ZHG2	655.290745	751.359716	827.710412	774.028826	551.996796	517.2873
Q0ITU1	665.232412	615.352823	739.089569	1002.397261	949.010825	695.864921
Q6ZLD3	524.187659	472.009978	279.407137	320.676187	436.139272	945.152741
Q0DJB6	68.550497	86.668587	227.196094	284.82627	136.570277	98.210171
Q9FU69	1810.397261	1599.427682	869.460229	909.571233	1302.974184	1713.660307
Q7XPB5	1506.666492	1301.457585	643.513829	318.878459	221.27191	287.335531
Q7XM21	229.62803	375.543961	840.184374	973.695407	477.120778	303.499925
Q941W8	17.805767	19.034099	18.064518	21.405911	24.645561	18.728689
Q25AR2	875.802142	1304.582919	1822.641314	1017.627071	400.171946	615.627673
Q8LMR0	20.960528	37.250725	40.339604	45.715601	41.729187	35.207433
Q65XK0	6508.599333	4420.539842	3110.214811	1269.186852	560.599456	4358.570437
Q10P02	172.479751	225.847389	397.321313	351.89365	258.316163	160.619713
P43586	1119.362564	886.320338	1901.685524	2828.848948	1910.518829	1687.480191
Q8H0A1	667.619764	461.397261	482.087266	507.146688	601.704953	871.988525
Q8H016	180.411413	413.704953	396.505703	105.347647	62.672132	215.001148
Q93XI4	5050.449943	9757.204953	9870.089569	7885.998662	5838.446862	2991.781876
Q0J118	273.49391	409.132227	740.872026	743.618643	396.90655	295.903943
Q2QMK8	2101.388119	1434.62803	1364.188806	1126.055851	1583.3419	2380.474184
B9FYX6	530.673474	420.887194	595.349039	687.181591	736.986339	818.526129
Q2R4Y7	460.953739	212.62358	180.708029	292.992983	472.117231	620.38444
O64422	499.57842	276.674689	149.375748	118.576545	199.675221	467.709692
A7A239	3249.110774	2140.115652	1030.732152	602.612631	2065.790351	2941.62803
Q94J90	150.474184	113.697977	193.215159	385.250379	278.700076	165.278665
Q5Z589	481.137619	339.269917	309.224174	267.820107	445.070173	685.108991
Q69T99	381.967225	400.357814	155.697325	131.355567	231.391587	99.281825
Q6Z8S2	300.62803	193.939528	101.783199	139.397261	148.5421	53.198279
A3BTE7	251.686455	344.781876	400.875718	426.655099	357.385311	298.179713
Q7XPV3	118.880079	83.551721	62.19716	63.623053	98.754608	94.81775
Q655Y9	2072.722274	1377.307431	1307.133907	1386.479339	1835.462819	2441.964363
Q9SDG5	769.6586	1624.947043	926.074189	418.045786	302.156736	348.281994
Q69RC6	2765.729181	1828.012646	1011.70339	675.29374	952.086204	944.448114
Q7XUA8	21.928772	28.798368	47.702956	45.269849	26.277809	20.998737
Q2QS14	64.829124	74.784722	77.674726	74.233303	66.849682	195.433007
Q0JKD0	154.474307	126.766346	143.551107	218.187326	296.644989	235.704953
Q10N17	13.509397	13.201099	17.746681	21.761591	28.958331	23.925364
Q6YUS0	2005.927169	1344.551107	1382.328519	1598.320338	2057.596303	2718.266196
Q941T1	3285.360101	2975.539266	2972.294807	3376.397261	3920.556225	3820.241846
Q0DDE3	1018.337347	1285.96079	1858.759636	1781.699005	1196.75313	782.003723
Q6H4H9	263.546532	186.43398	174.7628	184.444284	319.493214	388.972096
Q6Z965	26.659792	25.325322	36.365071	76.74555	61.849384	35.428624
Q42982	15.579361	185.506695	115.648616	16.939453	26.184094	440.383487
Q5Z7K8	513.321415	467.474184	385.484972	425.031411	506.299095	599.921739
Q06156	513.397261	213.243415	139.630279	188.121481	300.474184	577.457648
Q5JN63	888.794331	421.234725	347.518013	384.049627	812.500898	1314.555056
Q10BX9	61.686107	60.177487	99.869443	173.717643	119.049784	112.786974
Q10NZ7	431.320338	408.012646	282.551107	157.691465	171.672169	459.224262
Q6ZD89	78.143688	109.012648	153.427961	190.518062	113.397262	120.960235
Q7XNL8	2479.221357	3442.281876	3003.234144	1845.864721	1123.871082	1548.732224
Q8LM92	27.027331	24.041421	16.795572	20.804286	21.921259	39.562022
Q6ZLJ9	369.445169	251.173908	215.000729	242.900302	330.012646	436.367557
Q6YTT3	651.885445	236.203504	218.679307	162.029594	268.400778	627.16439
Q75HZ9	328.776497	390.423145	353.826067	617.505204	587.557839	308.012646
Q84JG9	115.128499	208.399659	397.685613	397.637037	223.071975	223.048779
Q10P67	591.43983	728.965038	1077.639	993.552851	934.624051	821.508837
Q6Z9A3	284.657291	373.533463	572.512107	608.02461	547.243415	483.058119
Q84M43	83.948185	73.016775	63.442119	81.739664	99.487058	115.781877
P48642	518.089569	347.293337	478.620949	583.949335	660.397261	1425.72348
Q5JMA1	1322.856545	1717.285018	1379.265532	1010.572031	1136.425897	1105.822939
Q7XC20	369.391357	232.92168	152.055107	233.224492	171.336005	243.721997
Q6Z312	165.118662	114.675917	72.083082	21.183087	39.399747	16.957167
Q53QJ9	159.209474	315.050911	147.239115	94.17207	76.62681	124.149335
Q9LDB7	298.627727	104.860072	91.502438	207.315861	210.199263	830.517841
Q6L4R7	903.905421	995.320338	638.098044	477.351141	500.284348	696.555799
Q10S34	1601.397261	1388.768298	1363.05522	1167.984583	1518.711722	2206.617232
Q6L4G2	29.112584	43.035598	77.648873	111.923768	58.433837	64.911724
Q10G56	300.767991	366.166492	715.793498	855.166492	408.012646	213.679781
Q7XI34	4279.704953	4564.975318	3513.878003	2955.866007	3097.99956	3186.290247
Q5W6F1	50.943286	42.77884	52.504649	92.531376	91.653401	65.104472
Q6H5D1	46.939493	72.676864	300.44952	613.542556	256.438441	132.008583
Q9FTR6	2130.974184	2204.384752	3458.089569	3446.17527	2647.787633	2395.44299
Q9ASP4	488.159707	226.051107	149.093335	222.215725	376.507208	923.50613
Q6Z9E6	29.675575	14.245012	19.064047	23.436433	31.546151	113.059018
Q6Z8Z7	58.105926	45.022421	50.690131	65.696334	95.705006	75.218863
Q9XJ19	56.664132	96.77616	123.222079	115.776495	62.280854	42.347079
Q7XU29	278.812908	204.147834	181.472807	157.565913	193.096212	333.589044
O04226	1727.182952	1603.381612	1276.08122	981.516793	1117.415671	1233.271631
B7E8M5	144.357409	81.840388	62.916977	73.549287	96.582564	152.858799
Q5N725	384.713843	510.871548	640.858799	868.435806	494.988561	345.589784
Q6K7V6	172.326561	212.278058	299.243415	431.229795	335.022959	145.56574
Q7G794	264.33068	349.078138	516.679887	578.210884	353.98155	287.169789
Q6K2E8	228.359846	202.676237	330.243415	359.275533	329.787415	390.369055
Q33CD9	1913.184183	1178.512646	757.524912	865.850461	1561.844262	1549.727421
Q60DJ8	306.651522	230.030169	147.870657	166.13314	196.678003	279.473728
Q6Z351	1562.457031	1001.089569	956.518077	812.551107	1249.952649	2118.455145
Q2QNF7	715.551107	576.246677	603.204725	556.159201	699.443728	854.474184
Q9LHZ0	1130.126332	1917.21962	1011.671829	752.012646	873.243415	758.610169
A3BJI8	37.04008	15.01082	12.99731	15.530454	18.642053	65.00096
Q7XKH9	1193.573415	361.436689	321.099833	210.704587	601.676431	1276.921283
Q6YXW6	2688.320338	1399.383078	1480.012646	2320.490816	3030.159044	7706.045555
Q10JA2	777.012646	509.894377	329.345209	177.38554	191.324085	278.787175
Q6ZHZ1	437.704953	336.971291	528.318189	767.683384	864.788605	671.942278
Q0ISY7	480.837862	367.342502	377.932517	448.935723	592.903769	780.00937
Q9XG80	777.012646	731.083666	707.562422	946.9616	1056.137558	1032.16222
Q6Z3A3	1643.877011	1099.552875	592.935723	569.253937	833.137681	1034.663538
Q9FU68	504.776544	310.772642	387.901652	451.19827	541.331475	731.681541
Q67WN8	16.921539	13.802932	14.581444	14.891163	13.461083	70.585206
Q53L28	993.123499	827.995177	717.931374	869.045694	1194.052329	1303.60115
Q69UF5	133.781876	100.005066	122.504187	157.935723	160.015984	189.697177
P93438	627.551107	392.582285	296.448833	286.591391	335.62288	471.94747
Q5JMA6	411.114668	313.775077	333.243415	368.333406	489.858799	590.288296
Q67J16	2489.955404	2068.948382	2653.623452	3593.743415	3529.585384	1758.108091
Q7XV13	144.400522	117.700975	112.195561	144.647619	164.758138	250.101933
Q6EQW2	33.136603	34.065224	37.154333	37.658743	40.354278	72.311988
Q69RG7	3080.474184	3621.383042	4809.500855	4828.183637	4064.413853	3056.280461
A3BIR7	449.138766	687.46016	1052.398522	875.911559	655.578063	361.204102
Q6ZHU3	224.061165	199.105103	120.609497	99.029368	168.089569	288.397547
Q5VND3	993.409473	922.197709	1182.456106	1427.394806	1232.662453	1149.482136
Q8W3J0	98.599398	155.902001	288.858799	277.857463	182.127512	190.544385
Q0DBN4	612.97699	569.3139	300.243415	354.357088	500.837516	1283.64198
Q10QT9	213.62803	471.770621	255.247884	181.698677	125.716842	144.864454
Q655W2	192.478166	218.551107	256.463295	247.520438	244.614615	225.347169
Q2RAM8	134.10935	89.623976	148.702447	164.865282	184.063428	157.238977
A3B7R7	631.557508	662.238083	702.937911	918.848191	961.089546	713.926429
Q6ZL51	745.825397	672.904804	976.496602	1195.089569	1062.468849	684.588044
Q2RAY0	2755.587517	1722.720372	675.681148	524.935723	1104.914278	1151.798767
Q6Z2T6	895.105928	1095.506175	1584.14785	1824.820338	1422.268342	1221.549301
Q0J0N7	264.983134	369.91474	573.263004	540.220439	450.15393	197.354007
Q688Q9	550.02698	519.056405	517.669758	763.384828	768.711629	885.320338
Q69TT1	1117.43147	1635.62444	1518.271717	1896.468801	1669.366467	728.512646
Q2QNN5	5328.202765	8246.620471	8342.839564	7960.536194	8167.813329	7958.697155
Q7XS58	241.897603	321.731544	467.699119	478.142381	438.666492	522.979074
Q84Q89	126.492825	80.965083	79.396562	134.070854	171.018981	196.43845
Q7XR61	14.763141	15.677238	13.359924	13.764641	16.857546	21.564339
Q5JN10	726.047632	555.37992	324.166492	364.491299	570.745312	570.587789
Q9LHZ7	405.307158	304.279157	353.341992	418.166492	520.561568	729.652072
Q6ZEZ2	145.2437	158.34638	228.732409	252.166492	196.157969	189.704953
Q2R0W7	560.62803	416.90109	864.587422	1093.562687	943.628485	1015.548398
Q109K4	231.672714	195.606838	163.99573	213.834191	289.627697	302.956851
Q651F0	407.948734	252.474184	228.572747	266.857658	571.130945	557.99996
Q9AUQ4	1083.538073	463.012693	450.133075	701.577614	1073.051615	1727.220671
Q6EQW2	389.841809	461.397261	660.292613	721.385482	452.243415	341.33499
Q0DKY4	208.089569	160.781876	395.035764	631.299979	489.397122	304.474874
Q657X7	175.854362	136.080529	164.115876	206.065151	256.091535	360.894727
Q7XWP9	1518.372295	921.024356	948.050128	238.241051	350.089569	448.521172
Q2QN58	112.506969	88.474423	60.505476	43.932912	110.166494	145.762329
Q01KF3	433.056105	587.923147	1182.937193	1399.381182	748.276046	748.320066
Q336V3	77.711335	83.576114	70.364704	100.380294	141.858799	152.324167
Q0D7J3	66.658893	158.627985	183.550298	145.496436	82.844708	33.041498
Q6K548	364.012646	308.713156	273.344261	250.56644	267.920535	490.091716
Q2QM83	211.397261	422.575799	424.820489	380.728216	178.749522	281.781876
Q5Z6D3	3823.897261	3916.781876	5599.778377	9547.554234	6964.490673	3454.204953
Q6Z9G0	711.32852	450.863724	440.932756	378.539313	568.274509	1055.596468
Q84LF7	1269.447012	1257.92094	1592.089569	2004.813342	2032.758531	1144.875787
Q69J27	11.950286	23.907358	45.07325	51.334195	20.297245	19.660641
Q655T1	1095.348009	1429.429476	1109.569444	951.640324	774.042576	559.908868
Q7Y0C8	701.551107	300.640521	269.474184	325.54794	422.966896	472.089569
Q0JE53	910.271218	1089.192389	854.296345	789.176667	570.251498	725.605128
Q53MS9	290.467118	264.152439	391.90778	597.97781	519.631014	322.79377
Q05JG2	1044.000734	1171.139159	949.243328	412.935723	312.547188	411.496356
A3AAR2	78.298323	276.742906	1581.371291	1612.071141	752.038087	606.057692
Q5CCK1	1855.75444	1701.235336	742.921216	232.309669	176.089569	413.320685
Q84YK8	1136.62803	1659.266434	2293.868755	2115.623431	1584.205535	813.218473
Q8RU95	636.757902	803.209045	1199.060424	946.196654	621.203288	531.551107
Q942X4	831.166635	925.089569	439.820338	250.54609	451.850854	519.70922
Q10PL0	630.832193	786.370975	867.573985	783.857556	763.551107	602.490297
Q0JNV2	620.474184	321.896205	337.032048	394.705308	440.935723	1125.744245
Q6AUB0	190.275726	80.485019	93.320422	103.290934	140.704953	280.551107
Q9FTZ2	290.320338	371.421314	466.449672	442.26405	283.937631	330.896717
Q9LDB7	1369.584311	1485.474184	2272.379738	2210.023353	1460.256542	1193.760473
Q7XW22	1684.316517	1227.946333	1217.239036	1511.936083	1556.223737	3358.797668
Q6ZKV8	1852.365073	1466.259504	720.227229	465.028504	760.43401	742.016513
Q10NY1	206.54865	269.598597	238.035075	263.337416	261.527082	560.935723
B7F9K3	1664.99025	2167.009054	2974.265225	2714.266691	1997.823901	1161.513414
Q5NTH3	6895.424587	5525.271729	5207.142964	7095.524242	10495.0095	8230.204004
Q2R3K3	503.320145	507.618991	466.619628	486.62803	566.216817	648.468343
Q69TF4	37.30431	27.700635	21.085367	26.205531	23.747555	92.524649
Q8LI89	402.82475	183.243415	168.774009	167.326403	376.046366	795.81993
Q0JCU7	561.560875	475.193472	585.647077	754.346184	688.81664	626.771523
Q338Z4	231.700057	256.772553	106.817005	64.37834	92.916268	61.308864
Q0JBZ8	1164.691665	1516.519679	2285.971963	2371.375244	1685.515976	1329.812435
Q6YXI1	145.625292	146.152309	214.704953	263.197998	248.203637	214.704953
Q9LWJ2	1131.185238	664.815529	430.141281	448.718079	708.674998	791.877134
Q2KNB5	257.89517	817.935432	1766.23012	1079.571408	647.88324	427.148885
Q10MW3	332.747509	436.55012	324.166492	251.572429	218.571263	325.258775
Q10SM6	723.376616	713.399664	504.058506	405.321328	548.62803	851.118602
Q75I93	259.071644	162.560204	169.962846	160.59262	149.704953	182.935067
Q6EUS6	83.782491	57.711374	92.617668	91.975434	71.431025	209.375059
Q7XPW5	297.732536	362.386727	244.707919	263.058841	351.60117	944.691792
Q852M2	98.670226	146.862967	87.63387	100.704629	87.63387	66.136056
Q852M1	239.558969	297.950717	402.331104	383.069185	340.474184	320.746667
Q7XUK6	1183.186487	537.970814	474.972812	238.184265	294.863055	567.065579
Q2R1L4	820.746129	1146.65976	610.362195	571.320338	481.474184	400.210555
Q5N9N2	554.815346	709.099993	700.527982	494.947968	387.399274	280.288905
Q7F0Q2	267.000761	121.624301	53.94402	32.959473	40.902722	141.864139
Q0J0L4	661.405261	416.434459	377.265292	461.359551	670.08462	877.111524
Q6ZHB2	19.275291	33.136603	42.989602	48.649485	35.129147	33.45831
Q6ERL4	2337.448934	3736.783907	4036.9713	5094.062729	3330.62803	2213.261627
Q8S3R0	121.130437	153.266273	344.243415	500.320338	271.320338	194.835723
Q8W3F9	1660.812122	1000.089569	901.62803	888.203945	1209.356328	2076.002783
Q76I22	4017.105582	4742.842183	5940.473278	5796.064233	4865.967334	3769.156672
Q5Z8S0	45.854843	44.260203	39.901706	33.641291	33.631783	32.921455
Q338N7	85.960292	94.95712	91.39896	78.627642	61.023177	68.124491
Q5W6W7	2627.616824	3191.857779	3975.858799	3634.294554	2996.223457	2472.121244
Q0D7J0	937.082386	696.021064	556.474184	666.399543	894.359128	1343.691782
Q10KP4	830.173517	1609.905699	868.3275	185.426667	188.491025	218.755974
Q6ZJK7	51.256671	31.11882	29.704218	29.824914	72.714219	132.795793
Q6Z6L1	1466.858799	1668.799382	2150.64482	3925.878567	2249.768175	1501.709446
Q8LQ34	185.149635	334.427135	328.051381	309.120601	291.473849	213.09493
Q2R3A1	1536.103853	507.858799	550.947331	676.953409	1162.547588	1256.461976
Q10SP1	167.157717	87.59798	81.936491	82.244175	168.746264	300.089569
Q948T6	766.645236	295.714032	353.751458	595.781876	757.99343	1831.058913
Q94IW5	242.012646	238.941842	299.818542	316.242537	291.117906	332.446165
Q6YPF1	563.393062	530.457782	476.513991	559.757214	764.667342	588.166492
Q5JMM6	521.367093	572.591133	586.513264	939.220849	732.474184	496.174593
I1QJ08	239.431286	287.834887	313.439913	285.871988	216.445542	157.229452
Q10GJ7	374.203908	349.258189	272.761887	341.320338	503.159787	631.62803
Q2QWV7	217.976187	143.62803	142.537586	156.800218	204.124216	328.651247
Q9XHL5	558.567251	1155.99638	423.53851	588.326868	299.925901	250.470902
Q7X7X4	51.551893	98.204531	112.215825	177.616395	74.588454	49.543551
Q7EYM8	977.887416	550.383384	500.089569	557.114073	814.973331	1545.02136
Q0E052	747.634396	511.249013	402.512646	264.347039	307.333145	392.893748
Q69U04	1401.281876	250.824796	215.595966	322.864297	473.812842	1051.363109
Q2R339	116.119493	281.858799	265.215716	210.255431	128.012646	165.211502
B7F8T0	1321.136268	1486.679994	1983.856892	1940.320338	1929.436137	1223.771106
B9F4C4	21.514289	17.344888	24.718163	25.53366	33.341801	55.911352
Q5XLJ2	2250.150884	3128.18495	4136.111355	4164.415624	2782.454706	1569.637017
Q7XP26	397.139307	57.545677	37.902858	33.494896	52.190492	100.199632
Q0JF26	11.892318	10.368132	9.078769	9.456316	9.156873	10.752859
Q2QLY5	265.962264	330.012646	659.130725	731.397261	385.123004	446.958092
Q6Z4I1	253.397261	163.335269	128.891958	127.987757	146.320338	212.868566
Q9VCX1	777.799995	1284.726327	1563.474184	1704.644421	1172.189453	594.632095
Q8H7T7	5471.948362	4920.803496	4726.089569	3807.169989	3957.407186	4689.149347
Q10F04	80.569783	61.883104	55.347595	74.949113	70.479707	142.503739
Q2QPI2	13.087882	13.087882	10.725705	11.510706	13.087882	21.967341
Q0J1E1	471.678242	256.089569	256.360173	281.570928	380.199644	587.309139
Q0JEZ8	938.704953	524.183732	404.294054	366.278307	577.875312	712.84671
Q6H5Z1	1695.975144	1298.589569	2088.012646	4615.07351	3807.243415	3330.834447
Q7XU28	1328.305962	1677.002114	2509.381335	2548.266193	1880.4238	1207.788884
Q0DGG8	1459.437281	1796.424971	1748.87841	1728.704953	1398.966854	962.824369
C7J743	634.75127	479.166492	449.868759	605.302317	795.472139	1101.185635
Q8RYL0	253.355791	165.675737	192.122107	270.320338	317.672181	315.071643
B7FAE9	643.190302	361.153435	808.899247	665.321011	696.492683	756.118757
Q8LGZ9	4081.320338	4323.301699	4687.666949	7215.258374	6348.080243	1799.474184
Q69UU3	161.588604	117.956573	102.660153	125.392919	242.892852	282.713908
Q67UG1	775.560685	342.077203	412.294868	694.616656	1151.94357	870.305099
Q8H825	935.046589	1159.11976	1031.130822	1096.243415	780.919504	660.475026
Q9VCX1	150.474184	66.238	55.077579	51.31173	47.67232	179.743994
Q69U93	58.079485	41.942995	45.637706	73.044765	67.845832	169.12787
Q0DV32	607.272435	145.397261	74.956784	55.556503	215.207445	355.991298
Q94EE9	192.673724	186.792484	172.635323	233.710751	282.273134	408.781876
A3AZW5	47.657261	71.200849	116.919471	150.697764	74.698426	28.443784
Q5JJV0	454.383462	580.551065	685.042219	528.507455	338.406592	340.19045
B9EXM2	868.990344	883.782751	706.656994	543.941485	600.551107	712.606202
O04882	896.628893	955.375081	1576.812219	1938.551893	1333.687071	1835.166492
Q9SNN0	560.926925	365.208065	307.959993	383.62803	628.215329	900.925307
Q6K3F7	26.255067	18.846304	15.719576	24.063982	23.044093	57.284253
Q5N9Z8	1788.397261	1874.448817	3003.957421	3633.805375	2518.166492	1307.439941
